1; -0.678687028170, -0.190115993756,  1.000000000000
2;  0.456146613552, -0.451319415298,  1.000000000000
3;  0.055232880207,  0.162429437136,  1.000000000000
4;  0.379855511994,  0.015110690563,  1.000000000000
5;  0.318949926113,  0.485578214143,  1.000000000000
6;  0.325251982316, -0.698188282533,  1.000000000000
7;  0.038861680398, -0.077729740955,  1.000000000000
8;  0.139999336519,  0.188574099111,  1.000000000000
9; -0.034343471265, -0.262582635348,  1.000000000000
10;  0.916807585897,  0.111004728631,  1.000000000000
11;  0.162944966982, -0.477728442296,  1.000000000000
12;  0.343025007023, -0.691323827813,  1.000000000000
13;  0.111681852572, -0.411046847593,  1.000000000000
14; -0.364474023284, -0.042274960281,  1.000000000000
15;  0.327423261556, -0.483214024415,  1.000000000000
16;  0.405431845260, -0.022522265452,  1.000000000000
17; -0.027443263971,  0.133553051471,  1.000000000000
18;  0.035605839995, -0.638892694863,  1.000000000000
19; -0.245306489120,  0.323102078587,  1.000000000000
20;  0.273398737682,  0.675882635242,  1.000000000000
21;  0.566695934244, -0.689154196495,  1.000000000000
22; -0.981071820436,  0.047507054708,  1.000000000000
23;  0.047341412408, -0.239368144087,  1.000000000000
24; -0.068578318664,  0.194368043513,  1.000000000000
25;  0.262509095348,  0.755228762197,  1.000000000000
26;  0.549165934243,  0.384355707184,  1.000000000000
27; -0.667859111974,  0.510404902753,  1.000000000000
28; -0.154392068562, -0.233663170405,  1.000000000000
29; -0.022584118575, -0.114410517064,  1.000000000000
30;  0.807645191628, -0.240715278513,  1.000000000000
31; -0.568272888144,  0.425376194439,  1.000000000000
32;  0.519012754941,  0.287212136060,  1.000000000000
33;  0.107990241359,  0.075137507377,  1.000000000000
34; -0.726035915472, -0.041280437954,  1.000000000000
35; -0.246122325380, -0.247407442911,  1.000000000000
36; -0.533244931928, -0.700276568950,  1.000000000000
37;  0.188138769404,  0.677136807033,  1.000000000000
38;  0.559241719570,  0.256685797562,  1.000000000000
39; -0.406786835677, -0.725732202014,  1.000000000000
40; -0.158006341515,  0.322758430116,  1.000000000000
41;  0.480943705046,  0.133837308698,  1.000000000000
42;  0.469004486334,  0.203051817463,  1.000000000000
43; -0.262002459166, -0.037027609145,  1.000000000000
44; -0.487778576467, -0.848010326056,  1.000000000000
45;  0.956400459101, -0.209390433080,  1.000000000000
46;  0.115482435196,  0.264368460883,  1.000000000000
47; -0.492243280053, -0.687978048867,  1.000000000000
48; -0.836820982082, -0.037105499643,  1.000000000000
49; -0.331498835867, -0.322448236327,  1.000000000000
50; -0.180702806908, -0.631853375717,  1.000000000000
51; -0.023115570237,  0.096287472404,  1.000000000000
52; -0.488928128314, -0.243492834032,  1.000000000000
53; -0.317260340250, -0.085732770748,  1.000000000000
54; -0.598703455913, -0.299306314835,  1.000000000000
55; -0.834356378374,  0.088625612023,  1.000000000000
56;  0.265655140026,  0.461831347778,  1.000000000000
57;  0.059296520819, -0.398164913280,  1.000000000000
58;  0.817281538697, -0.491595741855,  1.000000000000
59; -0.253738904768, -0.133151575872,  1.000000000000
60;  0.038223569424, -0.053803421750,  1.000000000000
61;  0.131302252461,  0.231279786594,  1.000000000000
62; -0.111037088209, -0.071386069883,  1.000000000000
63; -0.494990237206,  0.233646130586,  1.000000000000
64;  0.056947325697,  0.743205408324,  1.000000000000
65; -0.050321924261,  0.119981883761,  1.000000000000
66;  0.624020990618, -0.357934546484,  1.000000000000
67; -0.127969442378,  0.518001151786,  1.000000000000
68;  0.631812456531, -0.386728233598,  1.000000000000
69; -0.799876582999,  0.451395840945,  1.000000000000
70;  0.486790768413,  0.785119980477,  1.000000000000
71;  0.788620931389,  0.574308139119,  1.000000000000
72;  0.077445591337,  0.394371668468,  1.000000000000
73;  0.639902926399, -0.315925429071,  1.000000000000
74;  0.028029651938,  0.154896321597,  1.000000000000
75; -0.691665273869,  0.346598920018,  1.000000000000
76;  0.309495979865,  0.377276142676,  1.000000000000
77; -0.249126305689, -0.575695804184,  1.000000000000
78; -0.434104950288, -0.186738985974,  1.000000000000
79; -0.090639461436,  0.076330182564,  1.000000000000
80; -0.347778483378,  0.055089061965,  1.000000000000
81;  0.669582833886, -0.166341859030,  1.000000000000
82; -0.300810634157,  0.095389823738,  1.000000000000
83; -0.159932569291, -0.391675418472,  1.000000000000
84; -0.607510386710, -0.436084963980,  1.000000000000
85; -0.237726537402,  0.127212832651,  1.000000000000
86; -0.387314743759, -0.236947207556,  1.000000000000
87; -0.164918840229, -0.288330490541,  1.000000000000
88;  0.212608772028,  0.696619225762,  1.000000000000
89;  0.423884702649, -0.650251863692,  1.000000000000
90;  0.193441080599,  0.437198539552,  1.000000000000
91;  0.077129375214,  0.318667284406,  1.000000000000
92; -0.000494907608,  0.096132868291,  1.000000000000
93; -0.133491132007, -0.726338992999,  1.000000000000
94;  0.067544133796, -0.159973746232,  1.000000000000
95;  0.117276122559,  0.001280955548,  1.000000000000
96;  0.188022826613, -0.077509974824,  1.000000000000
97;  0.704984425204,  0.566476459706,  1.000000000000
98; -0.446155141358,  0.009771250825,  1.000000000000
99; -0.203661397187,  0.089723698004,  1.000000000000
100;  0.065871399902, -0.075408685451,  1.000000000000
101; -0.059627466965, -0.969301484459,  1.000000000000
102; -0.636915980954, -0.001812075405,  1.000000000000
103; -0.218434547135,  0.038952887265,  1.000000000000
104;  0.051963817091, -0.827379502151,  1.000000000000
105;  0.116953039903, -0.118051464479,  1.000000000000
106; -0.027710333238, -0.053868774641,  1.000000000000
107; -0.451641833162,  0.100781662657,  1.000000000000
108; -0.259503477864, -0.369422811724,  1.000000000000
109;  0.671920840605,  0.045760909197,  1.000000000000
110; -0.070535832401,  0.728093657553,  1.000000000000
111;  0.018170187914,  0.043452795130,  1.000000000000
112; -0.683713775673, -0.660928663267,  1.000000000000
113;  0.762647671397,  0.641020568559,  1.000000000000
114; -0.312653319991, -0.028719376514,  1.000000000000
115;  0.062116856933, -0.194758422748,  1.000000000000
116; -0.213229251752,  0.130948715512,  1.000000000000
117;  0.211285550253, -0.948759135850,  1.000000000000
118;  0.781657976153, -0.383109739964,  1.000000000000
119; -0.022517536090,  0.004034863525,  1.000000000000
120; -0.240945081150, -0.772387352825,  1.000000000000
121; -0.107621226199, -0.026021307392,  1.000000000000
122;  0.099647256419, -0.466994834117,  1.000000000000
123; -0.003440775654, -0.127483376720,  1.000000000000
124;  0.004844154913,  0.012264472830,  1.000000000000
125;  0.012750949666, -0.061639665011,  1.000000000000
126;  0.097425787713,  0.151371572546,  1.000000000000
127;  0.137679771362, -0.604929592398,  1.000000000000
128; -0.380337646154, -0.107959774761,  1.000000000000
129; -0.142669236668,  0.508893211823,  1.000000000000
130;  0.082857921485,  0.389934526239,  1.000000000000
131; -0.419139922678, -0.114519388450,  1.000000000000
132;  0.275515750011, -0.137990637950,  1.000000000000
133;  0.978445318371, -0.044836388589,  1.000000000000
134;  0.016789070138, -0.394413617071,  1.000000000000
135; -0.280620422351, -0.062119977075,  1.000000000000
136; -0.263142145610, -0.810449246253,  1.000000000000
137;  0.232276473065, -0.024466482179,  1.000000000000
138;  0.366918024632,  0.568141563540,  1.000000000000
139;  0.000529234003,  0.472462241268,  1.000000000000
140;  0.652188597547, -0.402638754697,  1.000000000000
141; -0.265484939276,  0.114928207354,  1.000000000000
142;  0.758987068829, -0.484890484479,  1.000000000000
143;  0.242155670705,  0.263438782191,  1.000000000000
144; -0.134504500583, -0.105136944462,  1.000000000000
145;  0.063077806766,  0.040466816231,  1.000000000000
146; -0.833046175714, -0.382197942051,  1.000000000000
147; -0.103802057556,  0.181669123510,  1.000000000000
148;  0.688742008109,  0.033485802430,  1.000000000000
149;  0.012641791552,  0.046496312219,  1.000000000000
150; -0.482707758613,  0.806082778750,  1.000000000000
151;  0.151511140242,  0.080360933825,  1.000000000000
152; -0.115887876639, -0.245219852841,  1.000000000000
153; -0.201635558547,  0.011469182039,  1.000000000000
154;  0.921679515888, -0.058338624852,  1.000000000000
155;  0.878931869746, -0.212060120705,  1.000000000000
156; -0.432113515851,  0.035152487112,  1.000000000000
157;  0.504273711198, -0.343383566042,  1.000000000000
158;  0.350306839668, -0.365993835747,  1.000000000000
159;  0.737556885625,  0.478315282792,  1.000000000000
160; -0.223639888178,  0.170928178842,  1.000000000000
161; -0.092464676085, -0.068495088718,  1.000000000000
162;  0.097469723436, -0.064370840246,  1.000000000000
163;  0.092800441397, -0.074931924170,  1.000000000000
164; -0.024075609173, -0.608873097597,  1.000000000000
165; -0.678714842347,  0.107024286992,  1.000000000000
166; -0.089736474815, -0.378643209365,  1.000000000000
167; -0.233276661801,  0.623237362648,  1.000000000000
168; -0.016441307713,  0.016631482653,  1.000000000000
169; -0.163296573565,  0.183818643813,  1.000000000000
170; -0.005541697611,  0.002463717987,  1.000000000000
171;  0.122851776429, -0.003087554803,  1.000000000000
172;  0.617930979620,  0.106254286618,  1.000000000000
173;  0.166944346555, -0.067084656818,  1.000000000000
174;  0.653173762821, -0.501170466738,  1.000000000000
175; -0.000984521258,  0.159596801734,  1.000000000000
176;  0.141046230547, -0.108728544421,  1.000000000000
177;  0.483296480554,  0.499025975849,  1.000000000000
178; -0.160914171076, -0.216705689949,  1.000000000000
179; -0.027392273322, -0.075243183964,  1.000000000000
180; -0.409675656029, -0.069282941974,  1.000000000000
181; -0.082466465709, -0.001261018329,  1.000000000000
182; -0.392382969665,  0.053739391156,  1.000000000000
183;  0.649734505907,  0.466088610114,  1.000000000000
184; -0.026011060418,  0.097896924220,  1.000000000000
185; -0.127649558115, -0.056792708874,  1.000000000000
186;  0.138808476905,  0.028676378625,  1.000000000000
187; -0.075794322527, -0.282466376695,  1.000000000000
188; -0.198837840058, -0.121285835728,  1.000000000000
189;  0.830223470703,  0.166522656365,  1.000000000000
190;  0.278001082247, -0.084784955570,  1.000000000000
191; -0.219192554029, -0.096716584233,  1.000000000000
192; -0.087779105458,  0.027295609730,  1.000000000000
193; -0.316668960682,  0.062293306682,  1.000000000000
194;  0.166390357656,  0.088377865731,  1.000000000000
195; -0.194239999866, -0.294677549462,  1.000000000000
196;  0.886284774197, -0.061519345588,  1.000000000000
197; -0.050917154196,  0.030970292456,  1.000000000000
198; -0.024118690568, -0.010656768741,  1.000000000000
199; -0.448087990383,  0.416233679879,  1.000000000000
200;  0.334852411784,  0.094857821011,  1.000000000000
201; -0.149266546023,  0.279675690545,  1.000000000000
202; -0.071685003080, -0.178987637166,  1.000000000000
203; -0.067743617489, -0.021190581067,  1.000000000000
204;  0.508996015727, -0.206250438019,  1.000000000000
205;  0.023493276915,  0.506561925217,  1.000000000000
206;  0.012597899190, -0.283059413673,  1.000000000000
207;  0.300015723768,  0.114057065411,  1.000000000000
208; -0.036425744936,  0.138419161432,  1.000000000000
209; -0.661347223032,  0.497339425299,  1.000000000000
210; -0.002950968478, -0.099778309428,  1.000000000000
211;  0.278901377787,  0.409244619373,  1.000000000000
212; -0.100357240891, -0.074704330599,  1.000000000000
213; -0.756495527071,  0.283867093724,  1.000000000000
214;  0.399961063357, -0.240394341348,  1.000000000000
215; -0.052309047311,  0.007696133033,  1.000000000000
216;  0.227441758655, -0.836862158954,  1.000000000000
217;  0.108877208822,  0.286633738893,  1.000000000000
218;  0.012117604306, -0.007203287084,  1.000000000000
219; -0.089683319518, -0.044016454025,  1.000000000000
220;  0.260227107780, -0.422521198587,  1.000000000000
221; -0.742100827396, -0.464693028061,  1.000000000000
222;  0.063376164696,  0.055866370409,  1.000000000000
223;  0.077906905726, -0.010328307421,  1.000000000000
224;  0.615773600811, -0.007930407715,  1.000000000000
225;  0.029840647408, -0.007133355336,  1.000000000000
226; -0.231603914870, -0.594282328267,  1.000000000000
227;  0.359554783942, -0.545753891020,  1.000000000000
228; -0.292630089073, -0.207341191978,  1.000000000000
229; -0.261689593681, -0.220299002082,  1.000000000000
230; -0.335178676407,  0.277800186521,  1.000000000000
231; -0.062191431607, -0.028110249205,  1.000000000000
232;  0.133707541173,  0.078211954504,  1.000000000000
233;  0.000227297022,  0.001755101144,  1.000000000000
234;  0.468690546129, -0.294664683276,  1.000000000000
235; -0.581241898251, -0.111146109245,  1.000000000000
236; -0.807256736349,  0.269932816149,  1.000000000000
237;  0.189381919826, -0.347843238732,  1.000000000000
238;  0.125029725805,  0.321092245419,  1.000000000000
239; -0.254670824600,  0.409899220848,  1.000000000000
240; -0.069037596786,  0.005543237880,  1.000000000000
241;  0.099260154922, -0.172519888411,  1.000000000000
242; -0.052957517544,  0.115498503579,  1.000000000000
243; -0.476916796873, -0.050782836347,  1.000000000000
244;  0.172034925037,  0.490634609797,  1.000000000000
245;  0.739530250555, -0.396620513058,  1.000000000000
246; -0.761466946393, -0.586200950875,  1.000000000000
247;  0.902648784216, -0.023564977844,  1.000000000000
248; -0.773119430539, -0.541971137646,  1.000000000000
249; -0.249711644352, -0.139660798221,  1.000000000000
250; -0.540439979596, -0.427822011648,  1.000000000000
251;  0.150988519307, -0.060667860030,  1.000000000000
252;  0.050063418955,  0.559003168091,  1.000000000000
253; -0.155720894360,  0.093839929142,  1.000000000000
254;  0.001104595529, -0.132093892199,  1.000000000000
255; -0.632482137232, -0.351090426950,  1.000000000000
256; -0.102717540881,  0.919693927893,  1.000000000000
257;  0.491213366417, -0.351771452964,  1.000000000000
258;  0.620173631412,  0.317567585652,  1.000000000000
259; -0.095694047036, -0.364480538835,  1.000000000000
260;  0.281424347761,  0.648217659267,  1.000000000000
261; -0.161733176029,  0.024905830627,  1.000000000000
262;  0.363919360088,  0.456428871876,  1.000000000000
263; -0.519725789655,  0.459128163074,  1.000000000000
264; -0.008688464975, -0.784355019115,  1.000000000000
265;  0.071330186492,  0.063751290310,  1.000000000000
266; -0.388861695306,  0.336237091113,  1.000000000000
267;  0.589770304709,  0.130004676158,  1.000000000000
268; -0.184327536071,  0.189601778465,  1.000000000000
269; -0.683623237633,  0.531515885712,  1.000000000000
270; -0.777945454829,  0.028014035333,  1.000000000000
271;  0.093612510242, -0.041479264048,  1.000000000000
272;  0.490558327781, -0.755996516905,  1.000000000000
273; -0.820299629269,  0.467949292926,  1.000000000000
274;  0.431937978857, -0.233970490180,  1.000000000000
275;  0.083139454243,  0.322581164825,  1.000000000000
276; -0.037363506035, -0.013527138454,  1.000000000000
277; -0.776117265094, -0.122827178418,  1.000000000000
278;  0.196884187357,  0.158278581206,  1.000000000000
279;  0.337056444067, -0.847125459076,  1.000000000000
280;  0.218872167425,  0.027614139331,  1.000000000000
281; -0.756412134653, -0.285924327641,  1.000000000000
282; -0.224849955868,  0.373017768973,  1.000000000000
283;  0.256285962283,  0.118739022304,  1.000000000000
284; -0.285928390952,  0.153991019528,  1.000000000000
285;  0.015380023141,  0.515770619885,  1.000000000000
286; -0.577024862616,  0.470745070928,  1.000000000000
287; -0.226223296532,  0.191253062415,  1.000000000000
288;  0.198957767933,  0.015519557975,  1.000000000000
289;  0.070339008907,  0.161730214015,  1.000000000000
290; -0.264014091370,  0.113384428606,  1.000000000000
291;  0.016983030023,  0.213178617941,  1.000000000000
292; -0.812611591461, -0.483299675245,  1.000000000000
293; -0.436410376241, -0.223172908103,  1.000000000000
294;  0.283807064045,  0.073556322845,  1.000000000000
295;  0.096651561457, -0.110349505323,  1.000000000000
296;  0.176603471135, -0.401437894505,  1.000000000000
297; -0.449547202892, -0.529721409995,  1.000000000000
298; -0.343526708980, -0.042986245163,  1.000000000000
299; -0.725130291936, -0.304542300034,  1.000000000000
300;  0.509961049004,  0.251760747110,  1.000000000000
301; -0.114414804842,  0.617024048184,  1.000000000000
302;  0.240781863382, -0.274217289429,  1.000000000000
303; -0.167981072231, -0.067777635719,  1.000000000000
304; -0.066070905697, -0.801766158047,  1.000000000000
305; -0.280888706645, -0.414796322601,  1.000000000000
306;  0.698444823793,  0.585214852516,  1.000000000000
307;  0.628035804842,  0.319452185721,  1.000000000000
308;  0.337421849250,  0.817256325789,  1.000000000000
309; -0.011196019537, -0.327981543725,  1.000000000000
310;  0.001409408015,  0.013070707420,  1.000000000000
311;  0.255822613441,  0.403663610175,  1.000000000000
312;  0.153501987102,  0.550922078543,  1.000000000000
313;  0.275877277830,  0.644171783176,  1.000000000000
314;  0.405586098652, -0.516153007309,  1.000000000000
315; -0.262336264675,  0.499485337448,  1.000000000000
316;  0.840585521705, -0.185909527857,  1.000000000000
317; -0.681320834956,  0.288574403812,  1.000000000000
318;  0.185659574590, -0.202025787033,  1.000000000000
319;  0.082190785954, -0.253631416140,  1.000000000000
320;  0.546286096217, -0.216035584519,  1.000000000000
321;  0.272445688299,  0.454991757709,  1.000000000000
322;  0.193858809843, -0.514188744925,  1.000000000000
323; -0.326545928121, -0.491328954562,  1.000000000000
324;  0.764110744862, -0.502517080821,  1.000000000000
325;  0.306512336083,  0.139797242401,  1.000000000000
326;  0.262692427686, -0.082486504512,  1.000000000000
327; -0.122640913358,  0.392364704071,  1.000000000000
328;  0.524335689425, -0.150885008506,  1.000000000000
329;  0.854875116404,  0.314172344974,  1.000000000000
330;  0.073357201516, -0.899204367430,  1.000000000000
331; -0.724309033431, -0.685059181244,  1.000000000000
332; -0.737158620615,  0.101872871180,  1.000000000000
333;  0.147393388264,  0.056473452164,  1.000000000000
334; -0.153267004501,  0.075806253465,  1.000000000000
335; -0.300765674172, -0.534514170080,  1.000000000000
336;  0.071159262430,  0.345563088069,  1.000000000000
337; -0.337714966005,  0.322158207082,  1.000000000000
338;  0.285086515783,  0.824969817585,  1.000000000000
339; -0.316890371485,  0.049249047261,  1.000000000000
340;  0.575557881172,  0.742787959364,  1.000000000000
341; -0.507561591513, -0.319084763346,  1.000000000000
342;  0.158128583888, -0.261355107237,  1.000000000000
343;  0.818037745440, -0.042419773846,  1.000000000000
344; -0.293977955939, -0.050423704585,  1.000000000000
345;  0.176089072652, -0.587403430289,  1.000000000000
346;  0.116939848713, -0.120108412467,  1.000000000000
347; -0.181529022082, -0.261340167272,  1.000000000000
348; -0.050482790429, -0.043589063722,  1.000000000000
349;  0.322511781861,  0.192996146310,  1.000000000000
350;  0.886628095320, -0.441494219842,  1.000000000000
351;  0.036582684860,  0.043855252427,  1.000000000000
352; -0.834636719865,  0.282664479409,  1.000000000000
353; -0.078577916486,  0.184516815082,  1.000000000000
354; -0.086653106121, -0.244027387711,  1.000000000000
355; -0.180049689771,  0.611221619044,  1.000000000000
356; -0.265793297933,  0.660365202537,  1.000000000000
357;  0.042469067040, -0.011806966041,  1.000000000000
358; -0.548592197330,  0.621711377351,  1.000000000000
359;  0.089039386897,  0.872232975708,  1.000000000000
360; -0.847221605989, -0.243883419581,  1.000000000000
361;  0.459304643924, -0.035518592127,  1.000000000000
362; -0.784900129968, -0.057194716211,  1.000000000000
363; -0.151120501879,  0.018117754621,  1.000000000000
364;  0.476361514912,  0.655044305303,  1.000000000000
365;  0.314609904559, -0.458953273551,  1.000000000000
366;  0.342150731136, -0.536349401258,  1.000000000000
367; -0.592903638078,  0.064750547795,  1.000000000000
368;  0.045129355285, -0.470117064511,  1.000000000000
369;  0.197202315148,  0.927540838026,  1.000000000000
370;  0.007295244087,  0.409883961085,  1.000000000000
371;  0.117503627012,  0.032363796806,  1.000000000000
372;  0.601984420751, -0.127021111207,  1.000000000000
373;  0.072011771587, -0.088415960154,  1.000000000000
374; -0.397601609137, -0.043398564901,  1.000000000000
375; -0.115134913127, -0.246460736656,  1.000000000000
376; -0.162625826790,  0.584369675534,  1.000000000000
377;  0.262421573651,  0.479412663043,  1.000000000000
378; -0.081995343368,  0.833134104420,  1.000000000000
379;  0.017339781074,  0.045822188316,  1.000000000000
380;  0.172195143300, -0.523992361508,  1.000000000000
381; -0.022760735443, -0.129236781364,  1.000000000000
382;  0.616534503155, -0.320504380557,  1.000000000000
383;  0.649203885664,  0.252870855078,  1.000000000000
384; -0.398891403899, -0.615743708225,  1.000000000000
385;  0.311057005611,  0.105126649563,  1.000000000000
386;  0.081462046782, -0.333278655096,  1.000000000000
387; -0.015481189122,  0.749794309971,  1.000000000000
388; -0.251433134801, -0.186639142983,  1.000000000000
389;  0.094069432446, -0.203293803711,  1.000000000000
390;  0.511806757868, -0.619808194919,  1.000000000000
391;  0.401501248556,  0.063350071682,  1.000000000000
392;  0.772986558563,  0.551450666905,  1.000000000000
393; -0.034051254349,  0.119719098140,  1.000000000000
394; -0.071176317029,  0.006831712864,  1.000000000000
395; -0.041648762659, -0.789734078483,  1.000000000000
396; -0.056632722948,  0.561144980000,  1.000000000000
397;  0.325482044809,  0.329467801955,  1.000000000000
398;  0.112080726992,  0.248509269734,  1.000000000000
399;  0.075269525461, -0.783999890142,  1.000000000000
400; -0.263370861127, -0.142510739871,  1.000000000000
401;  0.119696106162, -0.077034007305,  1.000000000000
402;  0.163305211505, -0.436199991248,  1.000000000000
403;  0.525321921552,  0.736861736512,  1.000000000000
404; -0.077895765781, -0.714997460463,  1.000000000000
405; -0.274000725243,  0.422231767786,  1.000000000000
406; -0.563646275657,  0.313032038019,  1.000000000000
407;  0.611273133854, -0.435416075144,  1.000000000000
408; -0.900421506663,  0.391191230946,  1.000000000000
409; -0.125126221029,  0.105053429415,  1.000000000000
410;  0.081382064483,  0.096085791205,  1.000000000000
411;  0.093637411597,  0.651077458966,  1.000000000000
412;  0.004574198667,  0.014906663594,  1.000000000000
413; -0.717670923579, -0.625140229960,  1.000000000000
414;  0.230013406053,  0.674409529667,  1.000000000000
415;  0.434052879223,  0.798245311577,  1.000000000000
416; -0.040442220476, -0.005687911251,  1.000000000000
417;  0.900327726222,  0.119954113667,  1.000000000000
418; -0.775612650486,  0.002959126982,  1.000000000000
419;  0.114111029215, -0.328585718384,  1.000000000000
420;  0.099419155264,  0.711907871210,  1.000000000000
421; -0.728835215051,  0.034217768416,  1.000000000000
422;  0.856509864440, -0.119025056807,  1.000000000000
423; -0.075150462689,  0.509216785110,  1.000000000000
424; -0.225960828884, -0.061182638160,  1.000000000000
425; -0.080014723269,  0.069275652745,  1.000000000000
426;  0.511921870292, -0.453376192950,  1.000000000000
427;  0.517073572824, -0.367929259983,  1.000000000000
428;  0.249999575095, -0.355562701822,  1.000000000000
429; -0.032866472103, -0.426402607529,  1.000000000000
430;  0.033763550523,  0.067190871622,  1.000000000000
431; -0.047222080514, -0.153441782872,  1.000000000000
432; -0.520824518044,  0.146285337575,  1.000000000000
433;  0.006052812987, -0.220570850289,  1.000000000000
434; -0.387686843529,  0.102967777100,  1.000000000000
435;  0.981477539298, -0.127687443488,  1.000000000000
436; -0.491160422028,  0.036039180120,  1.000000000000
437; -0.010254424321, -0.044941361370,  1.000000000000
438; -0.048779391489, -0.173103024839,  1.000000000000
439; -0.119564971721, -0.402806959367,  1.000000000000
440;  0.449030699036, -0.827890454834,  1.000000000000
441;  0.318060029549,  0.773119754940,  1.000000000000
442;  0.781432529023, -0.211772557924,  1.000000000000
443; -0.085627454243, -0.937675297468,  1.000000000000
444;  0.896429230730,  0.035782873781,  1.000000000000
445; -0.033100537019, -0.347189820624,  1.000000000000
446; -0.132008974623,  0.241536481396,  1.000000000000
447;  0.649618463820, -0.753295006664,  1.000000000000
448; -0.020233483835,  0.072235205668,  1.000000000000
449; -0.266346778394, -0.345523337848,  1.000000000000
450; -0.668595934026,  0.088745843218,  1.000000000000
451;  0.023460780482, -0.026196445413,  1.000000000000
452; -0.093651742071,  0.138315723702,  1.000000000000
453; -0.651882762193, -0.344781532253,  1.000000000000
454;  0.601648829725,  0.155226502402,  1.000000000000
455;  0.479245461069,  0.051004754994,  1.000000000000
456;  0.101703018131, -0.009437218895,  1.000000000000
457;  0.172866095967, -0.068046884578,  1.000000000000
458; -0.173145989456, -0.307839277055,  1.000000000000
459; -0.495935252240, -0.629321875264,  1.000000000000
460; -0.246164787313, -0.191300581922,  1.000000000000
461; -0.456700749394,  0.191375088001,  1.000000000000
462; -0.211826653482,  0.472520059714,  1.000000000000
463; -0.685158695879, -0.518163013616,  1.000000000000
464; -0.489427609340,  0.353161502019,  1.000000000000
465; -0.485038241009, -0.149302440862,  1.000000000000
466;  0.730865360145, -0.268870315342,  1.000000000000
467; -0.371968183243, -0.206669711484,  1.000000000000
468;  0.482956429643, -0.731053981887,  1.000000000000
469;  0.358346496389,  0.643846973920,  1.000000000000
470;  0.291027315670, -0.453233802581,  1.000000000000
471;  0.009851897995,  0.024074516175,  1.000000000000
472;  0.219268335384,  0.078620681948,  1.000000000000
473;  0.078761755335,  0.078818830830,  1.000000000000
474; -0.374418853394, -0.882714024617,  1.000000000000
475;  0.136858515501, -0.680522203392,  1.000000000000
476;  0.628625398752, -0.471369017728,  1.000000000000
477; -0.349618776789, -0.073246391419,  1.000000000000
478; -0.390619982745, -0.911476444461,  1.000000000000
479;  0.689270258814,  0.078070639604,  1.000000000000
480;  0.162501886555,  0.628339926204,  1.000000000000
481;  0.168020184704,  0.647077770147,  1.000000000000
482; -0.022870430956, -0.098544050977,  1.000000000000
483; -0.727041406682, -0.439839436996,  1.000000000000
484; -0.597617048529,  0.670974597819,  1.000000000000
485; -0.210488554482, -0.391979072190,  1.000000000000
486; -0.231732966656, -0.360376698565,  1.000000000000
487;  0.054866838290,  0.139182848170,  1.000000000000
488; -0.475083265306,  0.286351485955,  1.000000000000
489;  0.124248082399, -0.037424214604,  1.000000000000
490; -0.047279855551, -0.477526144373,  1.000000000000
491;  0.933028974409, -0.180857311018,  1.000000000000
492; -0.045283082554, -0.013982185181,  1.000000000000
493; -0.616815642377, -0.091752964493,  1.000000000000
494;  0.849216262971,  0.254214456976,  1.000000000000
495;  0.417711605513, -0.150796147501,  1.000000000000
496;  0.590630317081, -0.757553972462,  1.000000000000
497;  0.386383001270, -0.656650960693,  1.000000000000
498; -0.033112725873,  0.002006166916,  1.000000000000
499;  0.597596602142,  0.058498746768,  1.000000000000
500;  0.667026595047, -0.058700620880,  1.000000000000
501;  0.436347882908, -0.210018335371,  1.000000000000
502;  0.015819107901, -0.021706399187,  1.000000000000
503; -0.088794969341, -0.047469223643,  1.000000000000
504; -0.199701358428, -0.516485218265,  1.000000000000
505; -0.403989066565, -0.550881822001,  1.000000000000
506; -0.206116457782, -0.508677934715,  1.000000000000
507;  0.427966941180,  0.220162833798,  1.000000000000
508; -0.049433916884, -0.013100839601,  1.000000000000
509; -0.287317675739,  0.359725881473,  1.000000000000
510; -0.243953231469, -0.085933709580,  1.000000000000
511; -0.266026552002,  0.131028751739,  1.000000000000
512; -0.026993792572, -0.288437432593,  1.000000000000
513; -0.202330956077, -0.492936934977,  1.000000000000
514;  0.534258309178,  0.260211797914,  1.000000000000
515;  0.856557717640, -0.133311902437,  1.000000000000
516;  0.139248152886, -0.215391349635,  1.000000000000
517; -0.162238889331, -0.364602510537,  1.000000000000
518;  0.285917626511, -0.367371077322,  1.000000000000
519; -0.081452374892,  0.012735532620,  1.000000000000
520;  0.034542627194,  0.305077050912,  1.000000000000
521; -0.090792827051,  0.982637942631,  1.000000000000
522; -0.018077115132,  0.138638487627,  1.000000000000
523; -0.000376590922, -0.006127407525,  1.000000000000
524;  0.094114745195, -0.357101562034,  1.000000000000
525; -0.357940665010, -0.025103001662,  1.000000000000
526;  0.251940423829,  0.489715305376,  1.000000000000
527; -0.590992916692, -0.606536745955,  1.000000000000
528;  0.184551197222, -0.122133325449,  1.000000000000
529;  0.004686083959,  0.003589467354,  1.000000000000
530; -0.337372256333,  0.820709750631,  1.000000000000
531; -0.030509045089,  0.977914100810,  1.000000000000
532; -0.777480144145, -0.472265983093,  1.000000000000
533; -0.087732247600, -0.012384515446,  1.000000000000
534; -0.155715578770, -0.185282302226,  1.000000000000
535;  0.076923351184,  0.473580062105,  1.000000000000
536;  0.015499202708, -0.036356268670,  1.000000000000
537;  0.564435354086, -0.756146811399,  1.000000000000
538; -0.366849482370,  0.250116032706,  1.000000000000
539;  0.365166911947, -0.898854559537,  1.000000000000
540; -0.014686348324,  0.005711923680,  1.000000000000
541;  0.380207175655, -0.043777515054,  1.000000000000
542; -0.273869968682, -0.291869812949,  1.000000000000
543; -0.100870009493, -0.329509003238,  1.000000000000
544;  0.262664527012, -0.623020385745,  1.000000000000
545; -0.030984169428, -0.601898161260,  1.000000000000
546;  0.306362059322,  0.415264369554,  1.000000000000
547;  0.207620115953,  0.047777475007,  1.000000000000
548;  0.063955761622, -0.789440183335,  1.000000000000
549;  0.877472403385, -0.319404375051,  1.000000000000
550; -0.329861507998,  0.230648299477,  1.000000000000
551;  0.320339880246,  0.370735488072,  1.000000000000
552;  0.737097608221,  0.199413632062,  1.000000000000
553;  0.136963145568,  0.480815936993,  1.000000000000
554;  0.465058141273,  0.756932542463,  1.000000000000
555;  0.576526501445, -0.288578317993,  1.000000000000
556;  0.567995928442, -0.657218539255,  1.000000000000
557; -0.514897939867, -0.301677696446,  1.000000000000
558;  0.061552026971,  0.682249664909,  1.000000000000
559; -0.031572570898, -0.034739747135,  1.000000000000
560;  0.649222690116, -0.038082180988,  1.000000000000
561;  0.701931456312,  0.028449353622,  1.000000000000
562;  0.122955772098,  0.234891039745,  1.000000000000
563; -0.286889539805,  0.454975292601,  1.000000000000
564; -0.110240064762,  0.013245917682,  1.000000000000
565;  0.037716715935,  0.982402029664,  1.000000000000
566;  0.828428844020, -0.445086774032,  1.000000000000
567; -0.058973885656, -0.620792523435,  1.000000000000
568;  0.001007528637,  0.000321011989,  1.000000000000
569;  0.167841311707,  0.923874395313,  1.000000000000
570;  0.547742270547, -0.034774871214,  1.000000000000
571; -0.023782703428, -0.140801809367,  1.000000000000
572;  0.614836762045,  0.019946075588,  1.000000000000
573;  0.505089229040,  0.321162523716,  1.000000000000
574;  0.447577412256,  0.237002318058,  1.000000000000
575;  0.011676140446, -0.769592883367,  1.000000000000
576;  0.026661623547,  0.046184219344,  1.000000000000
577; -0.648790828315, -0.729864874159,  1.000000000000
578;  0.386832215119,  0.057027901031,  1.000000000000
579;  0.661221119818, -0.137598739274,  1.000000000000
580;  0.365914762161,  0.571331695882,  1.000000000000
581; -0.438403705024, -0.081004804961,  1.000000000000
582; -0.722725222386,  0.061093964804,  1.000000000000
583;  0.727339746554,  0.046701500319,  1.000000000000
584;  0.724644794489, -0.674463650665,  1.000000000000
585;  0.080813874024,  0.316259509562,  1.000000000000
586;  0.142825512153, -0.095390983423,  1.000000000000
587;  0.481927178347,  0.186601260344,  1.000000000000
588; -0.555238512162,  0.395765251914,  1.000000000000
589;  0.080670411621, -0.033934867030,  1.000000000000
590; -0.135095256712, -0.961077358994,  1.000000000000
591;  0.663514233012,  0.101378512960,  1.000000000000
592; -0.731338531407,  0.171468017109,  1.000000000000
593;  0.087018133029,  0.058209522388,  1.000000000000
594; -0.567992437458, -0.052342815539,  1.000000000000
595;  0.388478967668, -0.458574087660,  1.000000000000
596; -0.045116197981,  0.053453816426,  1.000000000000
597;  0.078219012552, -0.079727336211,  1.000000000000
598;  0.103579200580, -0.071392636692,  1.000000000000
599;  0.611098782063,  0.487958411877,  1.000000000000
600;  0.278638003530,  0.604039490366,  1.000000000000
601; -0.758560072074, -0.353704013694,  1.000000000000
602; -0.155003581829,  0.373051514467,  1.000000000000
603; -0.000218133176, -0.131183763842,  1.000000000000
604; -0.254498783760, -0.037452841050,  1.000000000000
605;  0.153309026879,  0.407777818836,  1.000000000000
606; -0.110550610061, -0.213143763988,  1.000000000000
607;  0.148036486022, -0.007014040562,  1.000000000000
608; -0.239810036496,  0.386677153292,  1.000000000000
609; -0.183070549481, -0.048379018471,  1.000000000000
610; -0.011515199053, -0.015279241848,  1.000000000000
611;  0.114840426605, -0.567493837141,  1.000000000000
612;  0.022955132798, -0.306276218035,  1.000000000000
613;  0.300581293135, -0.377412517857,  1.000000000000
614; -0.005039758868, -0.112867454122,  1.000000000000
615; -0.480041601584,  0.051490748217,  1.000000000000
616;  0.038520666016, -0.146848491544,  1.000000000000
617; -0.449736075312,  0.571355068636,  1.000000000000
618;  0.267079853912,  0.748000683367,  1.000000000000
619; -0.120414506320,  0.041354021660,  1.000000000000
620; -0.080733958504, -0.972183236078,  1.000000000000
621;  0.212421160446,  0.178130333327,  1.000000000000
622; -0.133322098484,  0.255066010012,  1.000000000000
623;  0.481358939379,  0.619166259252,  1.000000000000
624; -0.017639271314, -0.179761226347,  1.000000000000
625; -0.198506112661, -0.447902825324,  1.000000000000
626;  0.198455957375, -0.823369710475,  1.000000000000
627;  0.515549726503,  0.182409274638,  1.000000000000
628;  0.088677319763, -0.868510913488,  1.000000000000
629;  0.635667023186,  0.417540345977,  1.000000000000
630; -0.775746584535, -0.234874008594,  1.000000000000
631;  0.011620159841,  0.003758856698,  1.000000000000
632;  0.087790375515, -0.835170877964,  1.000000000000
633;  0.030064426836,  0.078375558306,  1.000000000000
634;  0.276614581547,  0.166778666406,  1.000000000000
635; -0.573164801721, -0.303146109986,  1.000000000000
636;  0.342028002617,  0.245233856247,  1.000000000000
637; -0.470785426381,  0.586085116525,  1.000000000000
638;  0.280681022945,  0.158572331473,  1.000000000000
639; -0.196738603898,  0.048545862580,  1.000000000000
640;  0.009305545587, -0.022922578351,  1.000000000000
641; -0.005943372016, -0.022827545506,  1.000000000000
642;  0.202865247907,  0.268257799610,  1.000000000000
643; -0.705074351261,  0.144782781722,  1.000000000000
644;  0.267656122448,  0.691644789132,  1.000000000000
645; -0.028802030313,  0.870840011628,  1.000000000000
646;  0.634475514265,  0.374179794085,  1.000000000000
647;  0.289925494279,  0.864867840229,  1.000000000000
648;  0.235820621068, -0.648696997798,  1.000000000000
649;  0.349995763099, -0.020896076552,  1.000000000000
650;  0.756310543252, -0.488511369343,  1.000000000000
651;  0.922413569387, -0.211808498564,  1.000000000000
652; -0.374690165814, -0.647585097190,  1.000000000000
653;  0.234182625756,  0.473305733909,  1.000000000000
654;  0.374982656684, -0.277539307843,  1.000000000000
655; -0.503729816692, -0.426628596308,  1.000000000000
656;  0.395656583589,  0.510964381772,  1.000000000000
657; -0.564946863609, -0.531261071761,  1.000000000000
658;  0.200802034513, -0.182096745711,  1.000000000000
659;  0.772770312217,  0.576106186987,  1.000000000000
660;  0.231353383620, -0.505589967503,  1.000000000000
661; -0.197912482519, -0.946162598758,  1.000000000000
662; -0.403588878728,  0.097290774983,  1.000000000000
663; -0.562537370529,  0.048255578851,  1.000000000000
664;  0.202202497455,  0.505481790633,  1.000000000000
665; -0.170752515188, -0.049231637649,  1.000000000000
666; -0.058625367803, -0.008080364597,  1.000000000000
667;  0.323105640573,  0.620451751765,  1.000000000000
668; -0.389370085452, -0.000569542871,  1.000000000000
669;  0.286628841423,  0.785733814676,  1.000000000000
670; -0.231154855186, -0.150546853063,  1.000000000000
671;  0.090860517278,  0.102809134624,  1.000000000000
672;  0.621296428393,  0.164433624327,  1.000000000000
673; -0.380161422887,  0.049901721823,  1.000000000000
674; -0.041362324446, -0.054815442514,  1.000000000000
675;  0.337398994196,  0.256314476867,  1.000000000000
676;  0.107066355680,  0.347185719844,  1.000000000000
677; -0.366463936819, -0.183946095908,  1.000000000000
678; -0.384918973484, -0.678294587109,  1.000000000000
679; -0.080574351958, -0.285265548842,  1.000000000000
680; -0.052510352993, -0.119122112959,  1.000000000000
681;  0.278926917127, -0.300853174395,  1.000000000000
682; -0.701647373259,  0.013199796599,  1.000000000000
683; -0.396313670553, -0.875383540084,  1.000000000000
684;  0.331178105878,  0.059223534318,  1.000000000000
685;  0.281811378166,  0.367096386979,  1.000000000000
686; -0.000059897484,  0.271800646009,  1.000000000000
687; -0.297842115977, -0.139391354981,  1.000000000000
688; -0.944741319170,  0.200828152857,  1.000000000000
689; -0.041470179098,  0.034023010438,  1.000000000000
690; -0.927464520123, -0.311816106451,  1.000000000000
691;  0.860700506576, -0.469868815263,  1.000000000000
692; -0.218434458945, -0.168044875806,  1.000000000000
693; -0.007823313656,  0.043730559370,  1.000000000000
694;  0.823304071806,  0.319926740233,  1.000000000000
695;  0.932595269670,  0.065316548673,  1.000000000000
696; -0.022411128319, -0.202564893931,  1.000000000000
697;  0.003416844418, -0.007152830937,  1.000000000000
698;  0.524716145459,  0.749048594533,  1.000000000000
699;  0.582945305083, -0.009655804590,  1.000000000000
700;  0.278657009258, -0.783554334376,  1.000000000000
701;  0.489993997621, -0.199106352522,  1.000000000000
702; -0.789396996484, -0.512716996572,  1.000000000000
703;  0.329861227018, -0.119469292648,  1.000000000000
704;  0.699317070999, -0.349439805822,  1.000000000000
705; -0.507371077968,  0.776627675069,  1.000000000000
706;  0.483766462440,  0.105146668181,  1.000000000000
707;  0.230525420361, -0.081054667690,  1.000000000000
708;  0.266781874414,  0.405899583649,  1.000000000000
709;  0.126133329810,  0.425985231934,  1.000000000000
710;  0.690400179967, -0.243104386274,  1.000000000000
711; -0.188328152827, -0.445689171320,  1.000000000000
712; -0.495256473853,  0.718613018525,  1.000000000000
713;  0.176996817512,  0.029646231556,  1.000000000000
714; -0.407415904568,  0.329045626126,  1.000000000000
715;  0.576492877003,  0.375204535624,  1.000000000000
716;  0.743491839011,  0.026748327151,  1.000000000000
717;  0.801307795750,  0.350175756561,  1.000000000000
718; -0.181911866873, -0.043408182452,  1.000000000000
719; -0.381298357685, -0.170420092246,  1.000000000000
720; -0.081403878935, -0.032023745525,  1.000000000000
721; -0.313343481223,  0.288776751922,  1.000000000000
722;  0.135393678192, -0.304544257296,  1.000000000000
723; -0.122225505634, -0.123524725979,  1.000000000000
724;  0.624693721687, -0.321753916402,  1.000000000000
725; -0.389444113149,  0.160859891708,  1.000000000000
726;  0.953904565895, -0.095355150023,  1.000000000000
727;  0.177013796908,  0.187856836470,  1.000000000000
728;  0.239912183775, -0.865848778726,  1.000000000000
729; -0.426807829052,  0.692215418995,  1.000000000000
730;  0.128280700823,  0.474952665615,  1.000000000000
731; -0.162693579087, -0.210805213046,  1.000000000000
732; -0.493959361930, -0.210371266700,  1.000000000000
733;  0.173807682958,  0.133390886177,  1.000000000000
734; -0.322322538801,  0.408923992447,  1.000000000000
735;  0.389241281143, -0.032169459782,  1.000000000000
736;  0.319296325392,  0.303975534923,  1.000000000000
737;  0.465791379011,  0.277558304049,  1.000000000000
738;  0.006870907537,  0.003019025410,  1.000000000000
739;  0.965735063964,  0.118320712069,  1.000000000000
740; -0.838480415525, -0.030941437046,  1.000000000000
741;  0.729409822527,  0.046027836225,  1.000000000000
742; -0.252829879843,  0.047805539165,  1.000000000000
743;  0.037402659753,  0.026359025451,  1.000000000000
744; -0.766142367490,  0.354852468459,  1.000000000000
745; -0.107910613121,  0.044157568070,  1.000000000000
746;  0.229810164372, -0.364471938589,  1.000000000000
747;  0.659344751034,  0.655144357676,  1.000000000000
748; -0.073031816813, -0.555709662498,  1.000000000000
749; -0.410237392146,  0.734040888778,  1.000000000000
750; -0.841678230724,  0.171607551511,  1.000000000000
751; -0.556372218884,  0.621222425595,  1.000000000000
752; -0.037799808541, -0.469952579725,  1.000000000000
753;  0.208843804751, -0.203193904332,  1.000000000000
754; -0.703052358348, -0.324120930887,  1.000000000000
755; -0.240028309201, -0.663409750691,  1.000000000000
756;  0.086233054424,  0.038931698172,  1.000000000000
757;  0.957911022919, -0.152787294154,  1.000000000000
758;  0.288274434247,  0.005067610509,  1.000000000000
759;  0.024138977140, -0.036042643324,  1.000000000000
760; -0.313597478815, -0.000446798789,  1.000000000000
761; -0.524986781262,  0.028706360687,  1.000000000000
762;  0.482863544767, -0.294922959135,  1.000000000000
763; -0.434317729132, -0.628356063622,  1.000000000000
764;  0.213035608191, -0.585234756155,  1.000000000000
765; -0.007189588024, -0.369656818282,  1.000000000000
766; -0.128451007186, -0.052877598506,  1.000000000000
767;  0.493078335431, -0.595138318447,  1.000000000000
768; -0.071428466684,  0.074742493588,  1.000000000000
769; -0.038672116437,  0.291192444489,  1.000000000000
770; -0.029269791354,  0.197647637893,  1.000000000000
771;  0.112263909841,  0.032201353819,  1.000000000000
772;  0.057892462046,  0.403073781995,  1.000000000000
773; -0.208973862590, -0.137428492954,  1.000000000000
774; -0.013060777544, -0.321848193854,  1.000000000000
775; -0.618552764150,  0.138904498342,  1.000000000000
776; -0.705237345156,  0.183998438111,  1.000000000000
777;  0.404914631132, -0.305024145470,  1.000000000000
778;  0.413774410654, -0.560211384926,  1.000000000000
779;  0.287794110629,  0.931752389997,  1.000000000000
780; -0.026296077111,  0.016262555911,  1.000000000000
781; -0.172356264549,  0.542520653531,  1.000000000000
782;  0.510880137056,  0.582919312393,  1.000000000000
783;  0.468794107622,  0.043391875627,  1.000000000000
784; -0.001286306004,  0.010085855249,  1.000000000000
785; -0.666809101077, -0.067592898131,  1.000000000000
786; -0.310198018983, -0.668759232702,  1.000000000000
787; -0.071521522857, -0.018800657049,  1.000000000000
788;  0.526806586458, -0.618351588471,  1.000000000000
789; -0.003552886080, -0.001891487279,  1.000000000000
790;  0.216293096283,  0.153637343768,  1.000000000000
791;  0.037354820069, -0.466713579126,  1.000000000000
792; -0.496131025639, -0.598238279114,  1.000000000000
793; -0.026613545672,  0.486644813328,  1.000000000000
794; -0.825336211971, -0.058300670849,  1.000000000000
795; -0.469340263285, -0.509002961555,  1.000000000000
796; -0.382565518049, -0.371257743363,  1.000000000000
797;  0.404855570473, -0.659241212462,  1.000000000000
798; -0.351037185445, -0.598294059064,  1.000000000000
799; -0.132691242329, -0.132709795965,  1.000000000000
800;  0.371108620118, -0.097457750170,  1.000000000000
801; -0.113548141242,  0.827062704401,  1.000000000000
802;  0.253555243545,  0.943840557381,  1.000000000000
803;  0.464879115115,  0.291712567681,  1.000000000000
804;  0.349088765564,  0.052438355675,  1.000000000000
805;  0.980001966915, -0.141200047951,  1.000000000000
806;  0.016244184385,  0.075693527756,  1.000000000000
807; -0.004133151826, -0.068261987771,  1.000000000000
808;  0.100527554335,  0.003218794063,  1.000000000000
809;  0.730092075001, -0.275514437324,  1.000000000000
810; -0.675186124047,  0.131617294329,  1.000000000000
811;  0.298526926596,  0.369780864759,  1.000000000000
812; -0.413990378515, -0.523776049207,  1.000000000000
813; -0.378446408115,  0.652007152092,  1.000000000000
814; -0.081588320418,  0.033183158650,  1.000000000000
815; -0.025002827485,  0.018304194135,  1.000000000000
816;  0.359645169887, -0.051581811171,  1.000000000000
817; -0.329753357886,  0.062830649640,  1.000000000000
818;  0.014709687337, -0.016607360360,  1.000000000000
819; -0.099076341014, -0.111490568485,  1.000000000000
820; -0.070380979095,  0.009309970165,  1.000000000000
821;  0.916823533010,  0.036070408560,  1.000000000000
822; -0.840000821784, -0.273652245151,  1.000000000000
823;  0.761450386716, -0.429603648732,  1.000000000000
824; -0.724423729947,  0.232893777771,  1.000000000000
825; -0.164455282186,  0.246833562729,  1.000000000000
826; -0.039051428225, -0.078065289194,  1.000000000000
827; -0.198006028478,  0.461006861779,  1.000000000000
828; -0.219336148523,  0.380337042862,  1.000000000000
829;  0.428562423296,  0.211641812516,  1.000000000000
830; -0.375335028375,  0.878155462376,  1.000000000000
831; -0.498675990094,  0.005079381440,  1.000000000000
832; -0.010538339909, -0.020693243480,  1.000000000000
833;  0.199924922579, -0.220141357761,  1.000000000000
834;  0.733920981300,  0.531786701356,  1.000000000000
835; -0.121119314641, -0.224082380682,  1.000000000000
836;  0.246028423845,  0.072006450187,  1.000000000000
837; -0.206804452236, -0.065097326680,  1.000000000000
838; -0.874907711161, -0.068194620341,  1.000000000000
839;  0.253605593137, -0.256467951750,  1.000000000000
840; -0.087792285818,  0.016394492356,  1.000000000000
841; -0.244340651351,  0.665472647431,  1.000000000000
842;  0.125053523597, -0.411809683397,  1.000000000000
843; -0.234303249577,  0.401349374138,  1.000000000000
844; -0.692189641746,  0.302502215369,  1.000000000000
845; -0.021826267030, -0.392526100722,  1.000000000000
846; -0.254325013963, -0.426483648838,  1.000000000000
847;  0.014727236888, -0.603728795183,  1.000000000000
848;  0.113419814420, -0.479228133874,  1.000000000000
849; -0.939537349962,  0.030480003364,  1.000000000000
850; -0.069072149350,  0.088054678494,  1.000000000000
851;  0.099169578258,  0.691240166485,  1.000000000000
852;  0.176023147776, -0.498182135240,  1.000000000000
853; -0.290833860830, -0.623251869996,  1.000000000000
854;  0.024257991784,  0.613148025079,  1.000000000000
855;  0.768694279520,  0.042769014769,  1.000000000000
856;  0.022809804061,  0.515332814238,  1.000000000000
857;  0.367777362775,  0.182331265281,  1.000000000000
858; -0.605798130677, -0.306814722972,  1.000000000000
859; -0.396677955540,  0.873986558423,  1.000000000000
860;  0.334088924505,  0.224154628259,  1.000000000000
861;  0.220060480370, -0.248621719205,  1.000000000000
862;  0.344080491682,  0.112349223976,  1.000000000000
863; -0.219377019711,  0.918185441228,  1.000000000000
864;  0.002320938859,  0.020981915978,  1.000000000000
865;  0.813814802315,  0.018957931812,  1.000000000000
866;  0.365294133369, -0.132262597737,  1.000000000000
867; -0.274369209474, -0.018198341905,  1.000000000000
868;  0.545199326624, -0.235683019266,  1.000000000000
869;  0.121931600859, -0.198062177867,  1.000000000000
870;  0.147260456062,  0.040822425078,  1.000000000000
871; -0.549992099136, -0.427199020007,  1.000000000000
872;  0.185878208484,  0.888406483443,  1.000000000000
873; -0.020958452159, -0.114556012915,  1.000000000000
874; -0.041665169870, -0.532479491719,  1.000000000000
875; -0.367158185993, -0.732941510776,  1.000000000000
876; -0.137368222422, -0.441168666692,  1.000000000000
877; -0.885954656768,  0.253285592419,  1.000000000000
878;  0.054883761548, -0.173993771208,  1.000000000000
879; -0.825985053739, -0.043703232553,  1.000000000000
880; -0.078796999008, -0.124533498523,  1.000000000000
881; -0.096960222735, -0.095880607094,  1.000000000000
882;  0.444331399469, -0.209218508087,  1.000000000000
883; -0.274055631270, -0.141591189374,  1.000000000000
884; -0.508301862676,  0.549563016729,  1.000000000000
885; -0.592584052782,  0.279743213252,  1.000000000000
886;  0.363569939596,  0.314701861739,  1.000000000000
887;  0.600475488273,  0.335235254191,  1.000000000000
888; -0.089767316856, -0.303155597787,  1.000000000000
889;  0.065303580030,  0.410981660552,  1.000000000000
890;  0.519545444891, -0.415707115390,  1.000000000000
891; -0.518492864422, -0.135099610749,  1.000000000000
892; -0.508162605819, -0.117304663592,  1.000000000000
893; -0.339771735590, -0.033439469895,  1.000000000000
894;  0.038501291667,  0.138850561657,  1.000000000000
895;  0.267120634854, -0.361504307470,  1.000000000000
896; -0.082350044778, -0.025200662256,  1.000000000000
897; -0.168935398071,  0.618575598180,  1.000000000000
898;  0.166775029283, -0.783289081021,  1.000000000000
899; -0.897180439072,  0.398881521766,  1.000000000000
900;  0.552265922599, -0.261283497773,  1.000000000000
901;  0.731777600256,  0.153660950712,  1.000000000000
902;  0.163734676188, -0.941070146192,  1.000000000000
903;  0.279899671648,  0.565005354401,  1.000000000000
904; -0.609705405929, -0.069691707094,  1.000000000000
905; -0.252460960369,  0.885180893731,  1.000000000000
906;  0.083138379860, -0.009915466231,  1.000000000000
907;  0.794397431361, -0.334891359353,  1.000000000000
908;  0.486138143256,  0.153637223388,  1.000000000000
909;  0.321301282433, -0.352197419299,  1.000000000000
910;  0.157955874275, -0.435119805547,  1.000000000000
911; -0.641438618704,  0.500924200366,  1.000000000000
912;  0.296057799448,  0.840285224207,  1.000000000000
913;  0.171201733663,  0.016123076528,  1.000000000000
914; -0.057915565169,  0.081865269139,  1.000000000000
915;  0.310942130043,  0.101907623577,  1.000000000000
916; -0.047490060984, -0.243466962849,  1.000000000000
917; -0.451216595033, -0.485987868701,  1.000000000000
918;  0.654541389496,  0.554682043359,  1.000000000000
919; -0.545277854261, -0.113764111893,  1.000000000000
920;  0.000880043711, -0.001041656702,  1.000000000000
921;  0.230718675751,  0.105270644538,  1.000000000000
922; -0.282042308035,  0.861370951688,  1.000000000000
923; -0.037230591652, -0.107275204580,  1.000000000000
924;  0.293621906523,  0.148346648239,  1.000000000000
925;  0.060547787050, -0.292200163475,  1.000000000000
926; -0.303459583667,  0.040813795372,  1.000000000000
927; -0.351617258331, -0.747081736637,  1.000000000000
928; -0.117442050403, -0.071962317383,  1.000000000000
929; -0.655552222993, -0.541387180968,  1.000000000000
930; -0.003318006829, -0.158238637923,  1.000000000000
931;  0.282243438987,  0.745594360097,  1.000000000000
932; -0.419366326003,  0.091326301677,  1.000000000000
933; -0.136414613001, -0.506755162260,  1.000000000000
934;  0.167375249630, -0.951212689165,  1.000000000000
935; -0.789764108162,  0.110444902225,  1.000000000000
936; -0.328140213760, -0.473475277889,  1.000000000000
937; -0.566826572793,  0.640734738718,  1.000000000000
938;  0.222266956391,  0.644288343943,  1.000000000000
939; -0.176886284756, -0.066988826950,  1.000000000000
940;  0.000900964862, -0.064269197301,  1.000000000000
941;  0.375192640156, -0.380092229505,  1.000000000000
942;  0.002460508996,  0.233308417232,  1.000000000000
943; -0.072433465019,  0.195666356073,  1.000000000000
944; -0.876596674293, -0.324592216827,  1.000000000000
945;  0.246071722372, -0.352119710179,  1.000000000000
946; -0.335354855389, -0.571303426651,  1.000000000000
947; -0.054643179417,  0.239962260338,  1.000000000000
948;  0.281679014223,  0.104756499679,  1.000000000000
949; -0.446536242232, -0.271708263994,  1.000000000000
950; -0.295327016710, -0.748931483994,  1.000000000000
951; -0.518576761296, -0.194868954846,  1.000000000000
952;  0.311475933749,  0.158215210154,  1.000000000000
953; -0.381156280267, -0.665012400371,  1.000000000000
954;  0.764556310306, -0.387837866184,  1.000000000000
955;  0.161477610359, -0.404297367186,  1.000000000000
956;  0.714001136190, -0.673651489723,  1.000000000000
957;  0.804323163899, -0.463567747530,  1.000000000000
958;  0.244241268939, -0.707409261567,  1.000000000000
959;  0.305397743039, -0.256456066395,  1.000000000000
960; -0.518758391434,  0.459009575954,  1.000000000000
961; -0.119278710826, -0.238191165687,  1.000000000000
962; -0.094634460199,  0.462183897535,  1.000000000000
963; -0.218902038408, -0.156333961158,  1.000000000000
964;  0.638928190126, -0.570247733196,  1.000000000000
965; -0.712487335558,  0.381001035561,  1.000000000000
966;  0.011843848941, -0.008548152402,  1.000000000000
967; -0.845586100425, -0.280550874330,  1.000000000000
968; -0.727849103930,  0.074998898116,  1.000000000000
969; -0.130701613097, -0.388400392171,  1.000000000000
970;  0.008828969155,  0.739170263024,  1.000000000000
971; -0.050769375382,  0.871352881615,  1.000000000000
972; -0.276253629199, -0.114756081367,  1.000000000000
973;  0.054435065208, -0.695423494536,  1.000000000000
974;  0.164464423437, -0.225064993209,  1.000000000000
975;  0.716333359188, -0.587497247992,  1.000000000000
976;  0.239696116986,  0.040792264906,  1.000000000000
977; -0.158741442739, -0.489616580915,  1.000000000000
978;  0.203776087917,  0.716823015790,  1.000000000000
979;  0.031251575724,  0.119680145930,  1.000000000000
980;  0.092869726859, -0.390297907561,  1.000000000000
981;  0.069580486156,  0.261008372408,  1.000000000000
982;  0.592007305452,  0.699698122259,  1.000000000000
983;  0.036792376060,  0.160383672453,  1.000000000000
984; -0.294181710043, -0.035243620301,  1.000000000000
985; -0.344491202788,  0.381982799042,  1.000000000000
986; -0.032602413356,  0.010318340934,  1.000000000000
987;  0.133455927207, -0.346159214795,  1.000000000000
988;  0.489333543216,  0.706338757331,  1.000000000000
989; -0.176039059743, -0.084468036126,  1.000000000000
990; -0.795875876144, -0.520480763820,  1.000000000000
991; -0.343818087100, -0.480778638021,  1.000000000000
992; -0.231623583331, -0.047077428153,  1.000000000000
993;  0.557825212962, -0.470646878262,  1.000000000000
994; -0.354734911797,  0.215647491276,  1.000000000000
995;  0.154300876288, -0.423669840705,  1.000000000000
996; -0.218259336495, -0.338055493926,  1.000000000000
997;  0.067043076746, -0.009521186060,  1.000000000000
998; -0.112995344778, -0.407472057856,  1.000000000000
999; -0.883894497800,  0.372280497886,  1.000000000000
1000; -0.457360429211, -0.724875353859,  1.000000000000
