1;  1.115583984610, -0.139621928983 ;  0.901020469182,  0.837088108769 ; -0.052116993357,  1.139625672560 ; -0.790690940468,  0.465453198598 ; -0.576127425040, -0.511256839155 ;  0.377010037499, -0.813794402946 
2;  0.387918150842, -0.940593071828 ;  1.066003213661, -0.205609638286 ;  0.768531420262,  0.749120968814 ; -0.207025435955,  0.968868142371 ; -0.885110498775,  0.233884708829 ; -0.587638705376, -0.720845898270 
3;  0.211769913690,  1.099962963850 ; -0.710690639008,  0.713871616219 ; -0.837556000127, -0.278048330223 ; -0.041960808548, -0.883876929033 ;  0.880499744151, -0.497785581401 ;  1.007365105269,  0.494134365040 
4;  0.486630493856,  0.955638803519 ; -0.500892875411,  0.798166281628 ; -0.858279355689, -0.135790303934 ; -0.228142466699, -0.912274367605 ;  0.759380902568, -0.754801845714 ;  1.116767382846,  0.179154739848 
5;  1.108036233237, -0.161933117009 ;  0.919695443868,  0.820170618377 ; -0.025001734813,  1.148114577908 ; -0.781358124125,  0.493954802052 ; -0.593017334755, -0.488148933334 ;  0.351679843925, -0.816092892865 
6;  0.443740955341, -0.921799337410 ;  1.147376641920, -0.211238417732 ;  0.883830677831,  0.753408421693 ; -0.083350972836,  1.007494341440 ; -0.786986659414,  0.296933421762 ; -0.523440695325, -0.667713417663 
7;  0.722945645193,  0.914269725989 ; -0.273249970152,  1.001414983843 ; -0.846817784946,  0.182256902742 ; -0.424189984394, -0.724046436212 ;  0.572005630951, -0.811191694067 ;  1.145573445745,  0.007966387034 
8;  0.322961588103,  1.148130317896 ; -0.644164478315,  0.893832910014 ; -0.907499496181, -0.070871536107 ; -0.203708447629, -0.781278574346 ;  0.763417618788, -0.526981166463 ;  1.026752636654,  0.437723279658 
9;  0.832149062385, -0.731065081487 ;  1.130101877212,  0.223515517592 ;  0.452387235864,  0.958840523900 ; -0.523280220311,  0.739584931130 ; -0.821233035138, -0.214995667948 ; -0.143518393790, -0.950320674256 
10;  0.985075875013,  0.583991570261 ;  0.105010446258,  1.058844011668 ; -0.746256545427,  0.534111214077 ; -0.717458108357, -0.465474024920 ;  0.162607320398, -0.940326466328 ;  1.013874312083, -0.415593668737 
11;  0.655042921156,  0.957954715854 ; -0.344932904739,  0.964907961540 ; -0.850942505089,  0.102380115987 ; -0.356976279544, -0.767100975251 ;  0.642999546351, -0.774054220936 ;  1.149009146701,  0.088473624616 
12;  0.847677026728,  0.712474627722 ; -0.048461543572,  1.156248965445 ; -0.880850678737,  0.602057367115 ; -0.817101243603, -0.395908568937 ;  0.079037326697, -0.839682906659 ;  0.911426461862, -0.285491308330 
13;  0.560031710088,  0.869397350143 ; -0.438597270052,  0.921743887983 ; -0.983245191691,  0.083079091145 ; -0.529264133190, -0.807932243531 ;  0.469364846950, -0.860278781370 ;  1.014012768590, -0.021613984533 
14;  1.064349333737,  0.520225014331 ;  0.288294211121,  1.150890097130 ; -0.645905333170,  0.794139187606 ; -0.804049754845, -0.193276804716 ; -0.027994632229, -0.823941887514 ;  0.906204912062, -0.467190977990 
15;  0.691026345611,  0.828044399764 ; -0.306319680271,  0.900851711594 ; -0.868045674839,  0.073528372732 ; -0.432425643524, -0.826602277961 ;  0.564920382359, -0.899409589792 ;  1.126646376926, -0.072086250929 
16;  1.023512823993, -0.087453584843 ;  0.791313739924,  0.885214696411 ; -0.167141243132,  1.170458531498 ; -0.893397142119,  0.483034085332 ; -0.661198058049, -0.489634195922 ;  0.297256925007, -0.774878031009 
17;  0.559342785160,  1.047825788359 ; -0.440158863935,  1.016259137365 ; -0.912572166811,  0.134881992627 ; -0.385483820590, -0.714928501117 ;  0.614017828505, -0.683361850124 ;  1.086431131381,  0.198015294614 
18;  1.038837305626, -0.151474184806 ;  0.700864708689,  0.789681765991 ; -0.283186552093,  0.967566886658 ; -0.929265215937,  0.204296056530 ; -0.591292619000, -0.736859894267 ;  0.392758641781, -0.914745014935 
19;  0.563255055087,  0.880041705931 ; -0.435474062684,  0.930441599945 ; -0.978486210133,  0.090716759462 ; -0.522769239811, -0.799407975033 ;  0.475959877960, -0.849807869046 ;  1.018972025409, -0.010083028564 
20;  0.261169111048, -0.938417616230 ;  1.039391529991, -0.310428868995 ;  0.884648531066,  0.677525889222 ; -0.048316886802,  1.037491900204 ; -0.826539305745,  0.409503152968 ; -0.671796306820, -0.578451605249 
21;  1.110605800330,  0.023346535272 ;  0.745488982814,  0.954308247464 ; -0.243305918652,  1.103588664242 ; -0.866984002603,  0.321907368829 ; -0.501867185087, -0.609054343363 ;  0.486927716379, -0.758334760141 
22;  0.484258949622,  0.949200109354 ; -0.515250579576,  0.917883962695 ; -0.987884765619,  0.036625245755 ; -0.461009422464, -0.813317324526 ;  0.538500106734, -0.782001177867 ;  1.011134292777,  0.099257539074 
23;  0.207021654576, -0.928651533908 ;  1.026862728350, -0.356060393780 ;  0.940904791904,  0.640238373238 ;  0.035105781684,  1.063946000128 ; -0.784735292090,  0.491354860000 ; -0.698777355644, -0.504943907018 
24;  0.503370256264, -0.834912820595 ;  1.049869303707,  0.002546904492 ;  0.597857430857,  0.894558825266 ; -0.400653489437,  0.949111020952 ; -0.947152536880,  0.111651295864 ; -0.495140664030, -0.780360624909 
25;  1.193256850852,  0.118755077725 ;  0.673023876215,  0.972779463852 ; -0.326699424941,  0.949256684994 ; -0.806189751460,  0.071709520008 ; -0.285956776823, -0.782314866120 ;  0.713766524333, -0.758792087261 
26;  1.153695723570,  0.066767944193 ;  0.663120617605,  0.938166857095 ; -0.336820530781,  0.949015809317 ; -0.846186573202,  0.088465848635 ; -0.355611467237, -0.782933064267 ;  0.644329681149, -0.793782016488 
27;  0.801007634737, -0.596021050676 ;  1.085544036384,  0.362644186066 ;  0.397583788464,  1.088392556565 ; -0.574912861103,  0.855475690322 ; -0.859449262750, -0.103189546420 ; -0.171489014830, -0.828937916919 
28;  0.612711373915, -0.843581873887 ;  1.177971239601, -0.018668978944 ;  0.746205649514,  0.883316871952 ; -0.250819806260,  0.960389827904 ; -0.816079671946,  0.135476932961 ; -0.384314081859, -0.766508917935 
29;  0.789709753991,  0.787773697006 ; -0.155338367630,  1.114704955563 ; -0.910993203641,  0.459734903719 ; -0.721599918032, -0.522166406682 ;  0.223448203589, -0.849097665238 ;  0.979103039600, -0.194127613394 
30;  0.779836061566,  0.753742730033 ; -0.170543073867,  1.064836765552 ; -0.915147979308,  0.397331308800 ; -0.709373749316, -0.581268183470 ;  0.241005386116, -0.892362218989 ;  0.985610291557, -0.224856762237 
31;  0.409296896543,  1.042441015786 ; -0.584309070058,  0.929537591860 ; -0.983334820065,  0.012597871469 ; -0.388754603471, -0.791438424997 ;  0.604851363130, -0.678535001072 ;  1.003877113137,  0.238404719320 
32;  0.922087492168, -0.465345966319 ;  1.009591102138,  0.530818236131 ;  0.190639401461,  1.104680686513 ; -0.715815909186,  0.682378934445 ; -0.803319519156, -0.313785268005 ;  0.015632181521, -0.887647718387 
33;  1.055309208833,  0.018067394933 ;  0.560397562999,  0.887010697351 ; -0.439585234261,  0.892876290639 ; -0.944656385686,  0.029798581508 ; -0.449744739851, -0.839144720910 ;  0.550238057408, -0.845010314197 
34;  0.307205055199, -0.965625446718 ;  1.069362182850, -0.318233360906 ;  0.889782754153,  0.665510116220 ; -0.051953802194,  1.001861507535 ; -0.814110929845,  0.354469421723 ; -0.634531501148, -0.629274055404 
35;  0.244372643799,  1.023880778775 ; -0.667057773843,  0.612426536124 ; -0.766443156033, -0.382622480663 ;  0.045601879419, -0.966217254797 ;  0.957032297062, -0.554763012145 ;  1.056417679252,  0.440286004641 
36;  1.053899673498, -0.042323508281 ;  0.743647351973,  0.908330738534 ; -0.234769536748,  1.114971469918 ; -0.902934103943,  0.370957954486 ; -0.592681782417, -0.579696292329 ;  0.385735106303, -0.786337023713 
37;  0.726039244695, -0.728191560888 ;  1.089231616635,  0.203522612539 ;  0.463939659352,  0.983913519814 ; -0.524544669872,  0.832590253661 ; -0.887737041812, -0.099123919766 ; -0.262445084529, -0.879514827040 
38;  0.289861380504, -0.952695942188 ;  1.006693379176, -0.255450013064 ;  0.761276691205,  0.713967672594 ; -0.200971995438,  0.986139429127 ; -0.917803994110,  0.288893500003 ; -0.672387306139, -0.680524185654 
39;  0.690059345385, -0.688745343090 ;  1.146875732492,  0.200815665762 ;  0.604901494163,  1.041210766288 ; -0.393889131273,  0.992044857961 ; -0.850705518380,  0.102483849109 ; -0.308731280051, -0.737911251417 
40;  0.704849028548, -0.595590655967 ;  1.073936784628,  0.333803893357 ;  0.453601372815,  1.118140541009 ; -0.535821795078,  0.973082639338 ; -0.904909551157,  0.043688090015 ; -0.284574139344, -0.740648557637 
41;  1.045077614758, -0.107237940081 ;  0.746619004515,  0.847184638221 ; -0.229164499361,  1.065923188923 ; -0.906489392994,  0.330239161324 ; -0.608030782752, -0.624183416977 ;  0.367752721124, -0.842921967680 
42;  1.005072873114, -0.337676010322 ;  1.000642045670,  0.662314173513 ;  0.132409729212,  1.158472056306 ; -0.731391759804,  0.654639755262 ; -0.726960932360, -0.345350428574 ;  0.141271384098, -0.841508311366 
43;  0.949497125146,  0.653417521776 ;  0.102380855349,  1.184825110587 ; -0.781389751223,  0.716904695390 ; -0.818044087999, -0.282423308619 ;  0.029072181797, -0.813830897430 ;  0.912842788370, -0.345910482233 
44;  1.098084073504, -0.158191561441 ;  0.909200769171,  0.823807978958 ; -0.035677431486,  1.151230009254 ; -0.791672327809,  0.496652499151 ; -0.602789023476, -0.485347041248 ;  0.342089177180, -0.812769071544 
45;  0.257261542994,  1.150791342027 ; -0.695593459672,  0.847365331452 ; -0.909246327677, -0.129544312268 ; -0.170044193017, -0.803027945412 ;  0.782810809650, -0.499601934837 ;  0.996463677655,  0.477307708883 
46;  0.678527620618, -0.666560355311 ;  1.037339888856,  0.266849391886 ;  0.408389469762,  1.044294804968 ; -0.579373217569,  0.888330470852 ; -0.938185485807, -0.045079276345 ; -0.309235066713, -0.822524689426 
47;  0.673560918613, -0.664466811780 ;  0.982496435368,  0.286616174340 ;  0.313302166658,  1.029703673041 ; -0.664827618807,  0.821708185622 ; -0.973763135562, -0.129374800498 ; -0.304568866852, -0.872462299199 
48;  1.055782742257, -0.486636128402 ;  1.042000385067,  0.513268890402 ;  0.169166058815,  1.001285528353 ; -0.689885910246,  0.489397147500 ; -0.676103553055, -0.510507871305 ;  0.196730773197, -0.998524509256 
49;  0.480539438388, -0.934368868525 ;  1.167675255042, -0.207839881167 ;  0.882050603731,  0.750501685585 ; -0.090709864234,  0.982314264978 ; -0.777845680888,  0.255785277620 ; -0.492221029577, -0.702556289132 
50;  1.099551871377, -0.227912530145 ;  1.006557473270,  0.767754101776 ;  0.097787677273,  1.185051906566 ; -0.717987720618,  0.606683079435 ; -0.624993322511, -0.388983552485 ;  0.283776473487, -0.806281357276 
51;  1.044974587943,  0.221793525337 ;  0.385710958517,  0.973705399772 ; -0.595095640864,  0.778722286115 ; -0.916638610819, -0.168172701977 ; -0.257374981392, -0.920084576411 ;  0.723431617988, -0.725101462755 
52;  1.185826560105,  0.119947243317 ;  0.754647140074,  1.022213450010 ; -0.242328025915,  1.099934222022 ; -0.808123771872,  0.275388787339 ; -0.376944351841, -0.626877419355 ;  0.620030814147, -0.704598191366 
53;  0.743072412841,  0.809854467815 ; -0.239104334600,  0.997814135792 ; -0.892970555676,  0.241203955491 ; -0.564660029311, -0.703365892788 ;  0.417516718130, -0.891325560766 ;  1.071382939206, -0.134715380464 
54;  0.754901188955,  0.769254692021 ; -0.202759567859,  1.057153762632 ; -0.930917855141,  0.371744754329 ; -0.701415385608, -0.601563324585 ;  0.256245371206, -0.889462395195 ;  0.984403658487, -0.204053386892 
55;  0.924962422965, -0.461072802416 ;  0.981550381398,  0.537324815249 ;  0.145206660638,  1.085530233633 ; -0.747725018555,  0.635338034351 ; -0.804312976987, -0.363059583314 ;  0.032030743773, -0.911265001698 
56;  0.860249293002, -0.611530818329 ;  1.125473534195,  0.352655938417 ;  0.423075429457,  1.064440247362 ; -0.544546916473,  0.812037799562 ; -0.809771157667, -0.152148957183 ; -0.107373052929, -0.863933266129 
57;  0.352138066772,  1.076134684634 ; -0.624676600213,  0.862048005077 ; -0.927679430597, -0.090941651099 ; -0.253867593997, -0.829844627718 ;  0.722947072988, -0.615757948162 ;  1.025949903372,  0.337231708015 
58;  0.752227220869,  0.727128846200 ; -0.198281805146,  1.037825790926 ; -0.942607765166,  0.370009300233 ; -0.736424699169, -0.608504135186 ;  0.214084326847, -0.919201079913 ;  0.958410286866, -0.251384589220 
59;  0.972199342534, -0.448001124687 ;  1.042694849809,  0.549510972209 ;  0.214071786952,  1.109317920810 ; -0.685046783179,  0.671612772515 ; -0.755542290454, -0.325899324381 ;  0.073080772403, -0.885706272982 
60;  1.035746975271,  0.371212037449 ;  0.278270254359,  1.024074210711 ; -0.665863333312,  0.694511214257 ; -0.852520200071, -0.287913955459 ; -0.095043479159, -0.940776128721 ;  0.849090108512, -0.611213132267 
61;  1.041502572019,  0.455033692197 ;  0.215698219318,  1.018990402468 ; -0.685604794762,  0.585801209609 ; -0.761103456141, -0.411344693522 ;  0.064700896560, -0.975301403793 ;  0.966003910640, -0.542112210933 
62;  0.993552030658, -0.297493453242 ;  0.970021788468,  0.702229672279 ;  0.092471043920,  1.181713447546 ; -0.761549458437,  0.661474097292 ; -0.738019216247, -0.338249028230 ;  0.139531528300, -0.817732803497 
63;  0.738391698104,  0.831799844350 ; -0.219269379053,  1.119697849380 ; -0.947426903685,  0.434288030861 ; -0.717923351161, -0.539019792686 ;  0.239737725995, -0.826917797716 ;  0.967895250628, -0.141507979197 
64;  0.837155328615,  0.794110905583 ; -0.120682508760,  1.081420281157 ; -0.848418645440,  0.395563069071 ; -0.618316944744, -0.577603518589 ;  0.339520892631, -0.864912894162 ;  1.067257029311, -0.179055682076 
65;  0.812879521654, -0.749302131345 ;  1.183555220784,  0.179460231197 ;  0.564561270309,  0.964855984480 ; -0.425108379296,  0.821489375221 ; -0.795784078426, -0.107272987321 ; -0.176790127951, -0.892668740604 
66;  0.687795858118,  0.861896814219 ; -0.285317692139,  1.092222710085 ; -0.971342544237,  0.364644602729 ; -0.684253846078, -0.593259400493 ;  0.288859704178, -0.823585296360 ;  0.974884556277, -0.096007189004 
67;  0.569683550250,  0.996633160484 ; -0.429696897706,  0.961437702775 ; -0.898906961211,  0.078351117946 ; -0.368736576759, -0.769540009175 ;  0.630643871197, -0.734344551466 ;  1.099853934701,  0.148742033363 
68;  0.888974399692, -0.599326335082 ;  1.043455822276,  0.388669358267 ;  0.265067164298,  1.016452041313 ; -0.667802916264,  0.656239031009 ; -0.822284338848, -0.331756662341 ; -0.043895680870, -0.959539345386 
69;  0.974958328600, -0.123246345380 ;  0.696193581750,  0.837113074792 ; -0.274884446308,  1.075875432426 ; -0.967197727516,  0.354278369888 ; -0.688432980665, -0.606081050284 ;  0.282645047393, -0.844843407918 
70;  0.939732274380, -0.544585637061 ;  1.144005481018,  0.434328280017 ;  0.398377764030,  1.100691024818 ; -0.551523159597,  0.788139852540 ; -0.755796366236, -0.190774064538 ; -0.010168649247, -0.857136809339 
71;  1.001330817105,  0.205450080646 ;  0.394288223319,  1.000119376220 ; -0.597436871150,  0.871739716610 ; -0.982119371832, -0.051309238576 ; -0.375076778046, -0.845978534150 ;  0.616648316423, -0.717598874540 
72;  0.634623266876, -0.677422881097 ;  1.088742717891,  0.213517927380 ;  0.544225069988,  1.052267312550 ; -0.454412028928,  1.000075889243 ; -0.908531479943,  0.109135080765 ; -0.364013832041, -0.729614304405 
73;  0.223942573103,  1.104566225001 ; -0.728695891408,  0.800461052513 ; -0.941652318867, -0.176600644620 ; -0.201970281814, -0.849557169265 ;  0.750668182697, -0.545451996777 ;  0.963624610156,  0.431609700356 
74;  0.997267397726,  0.364833101485 ;  0.291615413677,  1.073391692858 ; -0.674840318545,  0.816558444127 ; -0.935644066719, -0.148833395977 ; -0.229992082671, -0.857391987349 ;  0.736463649552, -0.600558738619 
75;  0.997534326322,  0.494517819680 ;  0.243263917053,  1.151081715809 ; -0.702472300838,  0.826146328123 ; -0.893938109459, -0.155352955692 ; -0.139667700189, -0.811916851821 ;  0.806068517701, -0.486981464135 
76;  0.246112961626,  1.092894573308 ; -0.705537394274,  0.785711240237 ; -0.915334002164, -0.192033810028 ; -0.173480254155, -0.862595527222 ;  0.778170101744, -0.555412194150 ;  0.987966709634,  0.422332856115 
77;  1.062151864003,  0.183777965531 ;  0.461725207924,  0.983457795632 ; -0.531031167877,  0.863312973409 ; -0.923360887598, -0.056511678915 ; -0.322934231520, -0.856191509016 ;  0.669822144281, -0.736046686793 
78;  0.218765876184,  1.027962455245 ; -0.687507732785,  0.605270906138 ; -0.774582917778, -0.390930836562 ;  0.044615506198, -0.964441030155 ;  0.950889115167, -0.541749481048 ;  1.037964300160,  0.454452261652 
79;  1.005745216866,  0.665347255987 ;  0.130538399903,  1.149096186261 ; -0.726003871250,  0.633019314343 ; -0.707339325439, -0.366806487849 ;  0.167867491524, -0.850555418123 ;  1.024409762677, -0.334478546205 
80;  0.645399879439,  1.022594197513 ; -0.354332026990,  1.045748360590 ; -0.874250073632,  0.191532214186 ; -0.394436213844, -0.685838095293 ;  0.605295692585, -0.708992258369 ;  1.125213739226,  0.145223888034 
81;  0.963200611131, -0.579830315655 ;  1.112303665536,  0.408991346308 ;  0.330510513666,  1.032529210186 ; -0.600385692608,  0.667245412101 ; -0.749488747013, -0.321576249862 ;  0.032304404857, -0.945114113740 
82;  0.662768816568, -0.766535654042 ;  1.171805563981,  0.094209133792 ;  0.680897085249,  0.965420282429 ; -0.319048140897,  0.975886643231 ; -0.828084888310,  0.115141855398 ; -0.337176409578, -0.756069293239 
83;  0.304912931381,  1.103333826598 ; -0.644587685920,  0.789568663228 ; -0.847609392270, -0.189605573949 ; -0.101130481318, -0.855014647756 ;  0.848370135983, -0.541249484386 ;  1.051391842333,  0.437924752791 
84;  0.096456244709,  1.151541712579 ; -0.801854765802,  0.712181577387 ; -0.870513232570, -0.285458645810 ; -0.040860688829, -0.843738733815 ;  0.857450321681, -0.404378598623 ;  0.926108788450,  0.593261624574 
85;  0.085924433850, -0.972354646750 ;  0.941442377616, -0.454581484164 ;  0.920796637302,  0.545205369823 ;  0.044632953222,  1.027219061225 ; -0.810884990544,  0.509445898640 ; -0.790239250230, -0.490340955348 
86;  1.021224022959, -0.345178453604 ;  0.918264421147,  0.649507084843 ;  0.005361675170,  1.057684223334 ; -0.804581468996,  0.471175823378 ; -0.701621867185, -0.523509715068 ;  0.211280878793, -0.931686853559 
87;  0.559052786763,  1.001837089426 ; -0.436592777492,  0.908617400623 ; -0.853684940982, -0.000246795589 ; -0.275131540219, -0.815891302997 ;  0.720514024036, -0.722671614193 ;  1.137606187526,  0.186192582018 
88;  0.696523639750,  0.947142481125 ; -0.302601013103,  0.988974622630 ; -0.838391036766,  0.144623362465 ; -0.375056407578, -0.741560039205 ;  0.624068245274, -0.783392180709 ;  1.159858268938,  0.060959079456 
89;  0.731548056062, -0.665417527639 ;  1.093595622161,  0.266742093822 ;  0.467345492643,  1.046364294172 ; -0.520952202973,  0.893826873062 ; -0.882999769072, -0.038332748399 ; -0.256749639555, -0.817954948749 
90;  0.346726718434,  1.146114099085 ; -0.610415515375,  0.856495825732 ; -0.838169850155, -0.117222800458 ; -0.108781951126, -0.801323153294 ;  0.848360282682, -0.511704879941 ;  1.076114617462,  0.462013746249 
91;  0.936870097683,  0.634703616457 ;  0.027816885327,  1.051383658101 ; -0.787565222166,  0.472460503631 ; -0.693894117302, -0.523142692483 ;  0.215159095054, -0.939822734128 ;  1.030541202547, -0.360899579658 
92;  0.232608241072, -0.898238836304 ;  1.017770012436, -0.278948118799 ;  0.874029404431,  0.710667280036 ; -0.054872974939,  1.080991961365 ; -0.840034746303,  0.461701243860 ; -0.696294138298, -0.527914154975 
93;  0.135316260353,  1.183918851505 ; -0.775483312944,  0.771070044696 ; -0.873345544973, -0.224129926939 ; -0.060408203706, -0.806481091765 ;  0.850391369590, -0.393632284956 ;  0.948253601619,  0.601567686679 
94;  0.745694038334, -0.694004437007 ;  1.183278463005,  0.205172893271 ;  0.623360264813,  1.033720786475 ; -0.374142358050,  0.963091349402 ; -0.811726782721,  0.063914019124 ; -0.251808584529, -0.764633874080 
95;  1.117318058997,  0.284023407409 ;  0.461105007331,  1.038599070164 ; -0.520483211526,  0.847589728504 ; -0.845858378716, -0.097995275912 ; -0.189645327050, -0.852570938667 ;  0.791942891807, -0.661561597007 
96;  1.053992645937,  0.593533808283 ;  0.197038956412,  1.108927225013 ; -0.677781680182,  0.624480268381 ; -0.695648627250, -0.375360104980 ;  0.161305062275, -0.890753521709 ;  1.036125698869, -0.406306565078 
97;  1.004176961357,  0.279057318790 ;  0.382786661887,  1.062558496660 ; -0.606440411779,  0.916169300589 ; -0.974277185975, -0.013721073352 ; -0.352886886505, -0.797222251223 ;  0.636340187161, -0.650833055152 
98;  1.014218810059, -0.311206903574 ;  0.993502248068,  0.688578485427 ;  0.117304421864,  1.170530110963 ; -0.738176842347,  0.652696347499 ; -0.717460280355, -0.347089041502 ;  0.158737545848, -0.829040667038 
99;  0.737117159947, -0.782052210111 ;  1.161296885270,  0.123525815586 ;  0.589133172570,  0.943665246334 ; -0.407210265454,  0.858226651386 ; -0.831389990778, -0.047351374310 ; -0.259226278077, -0.867490805059 
100;  0.468389488825,  1.026030879847 ; -0.528832692956,  0.951546517963 ; -0.962938434269,  0.050684594382 ; -0.399821993803, -0.775692967315 ;  0.597400187977, -0.701208605431 ;  1.031505929291,  0.199653318150 
